%%U = [1.35 1.40 1.45 1.50 1.55 1.60 1.65]; %% Mätningar nära 8 cm tanknivå
%%H = [7.4 7.7 8.0 8.2 8.5 8.8 9.0];        %% Tanknivåer i cm
%%Y = [3.87 4.07 4.28 4.46 4.67 4.88 5.08]; %% Ärvärde i 

U = [0.55 1.00 1.25 1.50 1.75 2.50 3.00];   %% "Slumpmässiga" mätningar mellan ca 0.5-3.0 V
H = [2.5 5.4 6.9 8.2 9.6 13.1 15.5];        %% Tanknivåer i cm
Y = [0.10 2.33 3.43 4.49 5.54 8.22 9.91];   %% Ärvärde i V

styrsign = [0.000 0.082 0.170 0.235 0.439 0.488 0.471 0.644 0.602 0.715 0.961];
err = [5.63 1.25 0.68 0.49 0.39 0.31 0.26 0.21 0.2 0.18 0.14];
k = [0 2 4 6 8 10 12 14 16 18 20];

